-0.08181476136669516
0.017274131439626216
0.18862269882112742
0.025594575107097627
-0.060032066851854325
-0.31589138954877855
-0.05243953391909599
-0.04273181661963463
-0.24496594389900564
-0.07421352572739125
-0.04774584274739027
0.03831826698035002
-0.2167993140220642
0.04146507956087589
-0.00574834818020463
-0.0716469438187778
-0.004115209579467773
0.2244558954052627
-0.1557429714128375
0.023339013988152146
-0.169457670673728
0.15964822474867105
-0.09797712169587612
0.0785423656925559
-0.003212913125753403
-0.06537265706807376
0.1971751207858324
0.0839870247291401
0.00791064165532589
0.08358225695788861
-0.053169077150523665
-0.020732923448085784
-0.146838770150207
0.304717708947137
0.13339407417923213
0.10004304699599743
0.2527285918220878
0.12251527747139335
-0.0042594912115600896
-0.077305663600564
-0.007622448578476906
-0.10683855913579464
-0.14361866558436304
0.06747505156323313
0.03947762221097946
0.020555536448955535
0.12652491858229042
-0.24902527807280422
0.058120087573770435
-0.1923840928822756
-0.10447503037750722
-0.13044911745935678
-0.13893030390143393
0.12875623034313322
-0.0540413767832797
0.08043862402439117
-0.01797671201871708
-0.012230677902698517
-0.08609176933765411
-0.08414433425408788
0.014243205096572637
-0.02464712451212108
-0.10210743756964803
0.03315103114582598
-0.11737680453807116
0.07920446380972862
-0.060859117060899734
0.045911863762885335
0.09631863186135887
0.03953883161768317
0.026037899070070127
0.060201026694849134
0.2974399171024561
-0.058936826456338166
0.13289578810334204
-0.16435411147773266
0.004361192509531975
0.017604096904397012
0.389865780621767
0.01632477610372007
0.11677139449398964
0.20054995033890008
-0.03626179364509881
0.22327932830899955
0.1523087754100561
0.22603509086184204
-0.08710878996178507
-0.07068750642240047
-0.006347893755882978
-0.09317088151350618
-0.2907099149376154
-0.01798423644620925
0.0526156160235405
-0.34217508289963006
0.0028549276711419226
0.05908909747377038
0.013563779685646295
0.1342926883790642
-0.21661228875920643
-0.05988052588654682
-0.13563054950907827
-0.05042308604344726
0.011230331212282181
-0.11215955460444092
-0.10427996259182691
0.03166161273606122
0.009855805709958077
-0.0037419911473989486
0.23191845552995802
-0.037191306280437854
-0.08649798741564155
-0.3099155396968126
0.1882804542593658
0.19379427295178175
-0.013160826824605464
0.06488783799111843
-0.06413963947445155
0.20557090595364572
0.11320420962758362
0.05937570361420512
0.15812506245449184
0.048974683915730566
0.02890779733657837
-0.07702818796038628
-0.027506174929440023
0.3313847521727439
0.061765549501869826
0.11882630735635757
-0.08373662151396274
-0.01563261203467846
0.01718176305294037
0.16934103313833476
0.053333030939102175
0.10016517270356416
-0.1023773986287415
-0.1586975998431444
-0.05051793497055769
0.086182678360492
-0.2669196694623679
0.2363967966288328
0.01154664445668459
-0.019267995236441494
0.05882441576570272
0.06290046643465758
-0.0447833252325654
0.04359275604656432
0.1540262531116605
-0.01900270748883486
0.021803180007264018
0.10349562872201204
0.0765904662385583
0.06151771359145641
0.07585012653842568
0.058315142057836056
-0.243337223213166
0.03139810249209404
0.03908667429350317
0.15380904270336032
-0.021519502624869347
0.2277225956879556
-0.054435937739908694
0.1906097825616598
0.10334081878885627
-0.037932089120149615
-0.1021464455127716
0.011640346497297288
0.0020102807879447938
-0.03684377742931247
-0.05265292525291443
-0.06727734010666608
0.16203123856335877
0.0830685736425221
-0.0987613644078374
0.13958186734467745
0.0239013192569837
0.01554840587079525
0.15587673388421536
0.13605759466066958
-0.011882546469569205
-0.022661147932522
0.04887591894250363
0.30991819548420607
0.07688628643751144
-0.08026735553517937
0.11442852517589927
0.19459140507038683
-0.12066594840958715
-0.06303375238319858
-0.2141038155928254
0.16859642570838332
0.24354196563363076
0.019086909890174867
-0.010422937164548784
0.04428511757934757
-0.0770142924413085
0.10613894015550614
0.17129632271826267
-0.015998074212111534
-0.10104456186294555
0.24219157348386944
-0.16127292204648255
0.07859272431582212
-0.047442041994072495
-0.08401930876076222
-0.04873010955750942
0.055883786100894214
0.04107080969959497
-0.07894421327859164
0.05733119713142514
0.025997463911771775
0.12016324520111084
-0.08308379527181387
-0.03401229000184685
0.05638208568096161
0.031216884218156337
-0.028048308715224266
0.04092365167103708
-0.10842882078140974
0.10137298412621021
-0.12409037843346596
0.13554450979456306
0.15260756470263004
-0.33227524548769
0.02573411226272583
-0.07730509294196963
0.05636874338611961
-0.035235485499724745
0.24852863118052482
-0.08194019459187984
-0.05505638554692269
0.00597934391349554
-0.04200661085546017
0.06476571708917618
0.1186237908154726
0.046721801608800885
-0.09954270876944066
0.08659342206083238
-0.026899651698768137
-0.07917153920978308
-0.02011413611471653
-0.0856352673098445
-0.041321229450404645
0.03373630028218031
-0.004684729501605034
-0.04828577527776361
0.07125092316418886
-0.08063018889166415
0.07234842366538942
0.13528409942984582
0.06566132405772805
0.03875672180205583
-0.0014411492506042124
0.03721815705299378
-0.10748425619676709
0.06707134012132883
0.1294572940468788
-0.14316458512097596
-0.10627756237983704
-0.0735876482911408
-0.1461736489390023
-0.27795379834249617
-0.11585400180891156
0.07474219895899296
-0.048923789765685795
0.022590849213302136
-0.006612833999097348
-0.04579345705220476
0.10620032642036677
-0.11568082086741924
-0.062731294487603
0.17345440335571766
0.15131667503155768
-0.041646071821451185
-0.07254552625585348
-0.14705336917191744
-0.029194861385039985
-0.13086516100913287
-0.06523974105715752
0.07940506256185471
-0.03637546803802252
0.0725136700249277
0.18083306955173611
-0.012603119276463985
0.11463552601635456
0.01574578246101737
0.03886770086362958
0.16629176206886767
0.13859990051947535
0.12733571901917456
-0.1963592186011374
0.050298917521722615
-0.014444562494754792
0.08320540964603423
0.04341062292456627
0.04572824813425541
0.11394582126289605
0.05719662810901355
-0.023055522590875625
-0.10110072124749422
0.10291266119107605
0.024995192361984664
0.033990459628403184
-0.2989405424147844
0.07704537376761436
-0.012139235874637961
0.14677717084065078
0.12864317616447807
-0.0547312203142792
0.2963363543897867
-0.019629686389816926
-0.14169242495670914
-0.08150924004614353
0.026698441030457615
-0.05635000040289015
0.019743527099490166
-0.18308727767318486
-0.15294842443428933
0.10369664074853063
0.15493590043857694
0.12730283718556165
0.038435961734503504
-0.12636090596060967
0.08514927466458175
0.050207216162234544
0.25808011828921734
0.1420293469168246
-0.19802027219906448
0.06309240773320197
0.11531640853732825
-0.18798865675926207
-0.06090055458247662
-0.015144931199029089
-0.19911859448999167
-0.059200018793344494
-0.17948568077757954
0.040118244513869285
0.06789087773300707
-0.06372291831299663
0.11768283599987626
-0.05360139537602663
0.16541411056372454
0.09959177050739526
0.15336049035191535
0.08476456679403782
0.03187532726675272
0.16224828645586967
0.27701758333481846
-0.13823857076466084
-0.08122051600366831
-0.1602458828687668
-0.06551580836530775
-0.18265602451516316
0.1604754914715886
-0.1207321929000318
-0.13889686211943628
-0.07606420248746872
-0.1370600276812911
-0.05970854748040438
-0.06032552525401116
0.0683028046041727
-0.05498760680668056
0.23590336207300425
0.20905927777290345
-0.03128739919513464
-0.06734190050512552
-0.0593122823163867
-0.06245694411918521
-0.059854285791516304
-0.16636493113823236
-0.11155413404107094
-0.025336125642061235
0.13528915725648402
0.12774628087878226
-0.11668639168143273
0.1172966898418963
0.11595529820770026
0.018938492704182863
-0.05573018603026867
-0.11883998257108033
-4.8888064920902255e-05
-0.0985307961050421
-0.020621359422802923
0.04905429132282734
0.14019840491935612
-0.025716710141859948
-0.17094963448573253
-0.019012953472847583
-0.03207782857120037
-0.0004944475740194321
-0.1310228461585939
-0.20687549481168388
-0.07701622892171145
0.31470214687287806
-0.20189098237082362
-0.3051268461346626
0.11300877951085568
-0.07651550246402622
-0.09897031344473362
0.07757157888263463
0.002260035052895546
0.016276606619358064
-0.06808916479349136
-0.009627221748232842
0.05542474512476474
-0.030772007703781128
-0.0026342177484184504
0.07756185367703437
0.059195857308804986
-0.1663459112122655
0.0492580827511847
0.08800322078168392
-0.027258951691910626
-0.11323372196406126
0.11506210625171662
0.1824543683975935
0.17735435672104358
-0.10775058528408409
-0.21559016671963036
0.2769163334509358
-0.1406935394182801
0.0026044874638319017
-0.12007103392854333
-0.251271014213562
-0.16495101066306234
-0.21930805350653826
0.012712842142209411
-0.08741940334439277
0.041484921053051946
-0.09065586214885116
-0.13590483820065857
-0.08679673133417964
0.12026982590556144
-0.06000491179525852
0.025822071880102156
-0.08487111696973443
0.28101148549467325
0.10203850015997887
0.06258432254195213
-0.09806976922089233
-0.15661799970082937
0.18271618871949613
0.11923024310730397
0.08808853274211287
-0.027007280122488736
-0.21250419626012446
0.002225510701537132
0.03366423271596432
0.06093617619946599
0.21529497794806957
0.08646686447784305
0.09558559320867062
-0.07841479587194045
-0.045976653299294415
0.09818297503516078
-0.08959251984953881
0.09417862959206104
-0.1780882714316249
-0.12911370120942592
0.05934796990826726
-0.025459952862001957
0.04438508540391922
-0.03551227574236691
0.054584465995430945
-0.17572796119377018
0.2525334756425582
-0.04824172167107463
-0.010977600775659084
0.14798112332820892
0.027484265528619288
0.2568582847714424
-0.07302544959296937
0.10158930510282517
0.00425328180193901
0.1762202087789774
0.07727697743102908
-0.1277561878040433
-0.20630225127097218
-0.0522616034001112
0.1540558322519064
-0.07705231963191181
-0.012406565397977829
-0.17704571824520826
0.17068932881578802
-0.049341777246445416
-0.17796642476692795
0.03793762072920799
-0.020868211090564727
-0.013549064118415118
0.0728899286687374
0.2145782259851694
0.01641108046285808
-0.04836257472634316
0.21868088945746422
-0.06957863036543131
-0.041519789565354584
0.14552367761731147
0.004661258654668927
-0.025632149633020164
-0.19497088998556136
0.12396281834691764
-0.07613261472433805
-0.12418198022991418
-0.25444263927638533
0.11037876572925598
0.024912241287529467
-0.1778990273643285
-0.07744701199233532
-0.09554924067109823
-0.02365283217281103
-0.04757709361612797
0.04751885348930955
0.11815554373897612
0.005284109036438167
0.07809049926698208
0.02537003291770816
0.03621353674912825
-0.2467880336381495
-0.24475624676793814
-0.009183882921934127
0.16986971275880933
0.011045389398932457
0.016720995008945465
-0.12652590177953243
0.24750464990735055
0.047974743470549586
-0.14448295064270497
-0.0318581822514534
0.06760666785761714
-0.2539418546948582
0.07433326271828264
0.0899931675195694
-0.06771626822650433
0.1486207471974194
0.23891761049628257
-0.0467518375813961
-0.05174670362379402
-0.023037954196333886
-0.0476595051959157
-0.14423535205423832
-0.1842264798283577
-0.18320772866951301
0.05206112809479237
-0.08478078241925686
-0.04222836397588253
0.26481750708073376
-0.14029143451713025
-0.05271995916962623
0.08978509820997715
-0.04199065115302801
0.04229418404400349
-0.10288470076397062
-0.06045467857271433
0.14713781461119652
0.17828089688904583
0.17256903354078532
0.14761341602541506
-0.16396577924489975
-0.02558745287358761
0.007429494038224221
0.013608519546687603
0.018488184905145318
-0.0002718587312847376
0.07353825949132442
0.062286362648010254
-0.06961060494184494
0.03462351515889168
0.024469084963202478
-0.05441010661423206
-0.05870933196274564
0.12605052143335344
0.04950481013860553
-0.0847351748868823
-0.08571193687617779
0.2093933732993901
0.014469322487711907
-0.01860578336752951
-0.21330903325229883
-0.17834308426827192
0.17924085433594883
0.15404394295066595
-0.12544392982497812
-0.06451351951807738
-0.009125292152166366
0.0005701208487153053
-0.02936138566583395
0.1390735105611384
-0.1781440968066454
-0.08588095350190997
0.015655453503131866
-0.11197370490059257
-0.027927260734140872
-0.1434829296916723
0.02321333408355713
0.010877281669527292
0.049470238164067266
0.20695572827011346
0.10682229576632381
0.02166369590908289
-0.06076933734118938
0.18311356171965598
0.10255883250385522
0.09707632327452302
-0.06124377802014351
-0.04626148726791143
0.0927019674424082
0.015098422169685363
-0.02943021840415895
-0.06760883972048759
-0.011809320151805879
-0.13048749264329673
-0.12371611662209034
-0.07079887807369233
0.07760708319023252
-0.03568462663330138
0.03892061859369278
-0.03641588256446994
0.00310823705047369
0.08960395351052285
0.036899392567574976
0.05128162823617458
0.17851117508485914
-0.0005647880909964442
0.10895487163215875
0.006848587617278099
0.11672354241247376
-0.025790420696139335
-0.024741435684263707
-0.206241536680609
0.12434236727654933
-0.055081598171964286
-0.18755770564079285
-0.34028089970350267
-0.3849816044420004
0.22076797410845755
0.027565110919531434
0.154014480561018
-0.16456385172903537
0.005049223471432924
-0.12309545703232289
0.007234088331460953
0.09467444818466902
0.08110373921692371
-0.05322133595589548
-0.02192246397957206
-0.05102066558785737
-0.20059285670518875
0.00032089161686599255
-0.04032994406297803
-0.1603763806819916
0.099440115573816
0.2006557424366474
-0.09732942149043083
-0.10840636180713772
-0.3042918088659644
-0.019502122476696967
0.009388805711641907
-0.156944223921746
-0.09199735307134688
0.009621595470234752
0.058142952658236026
-0.13371921691577882
-0.33820115983486176
0.017391302548348905
0.20083204380236566
-0.07163591822609305
0.0603909146040678
-0.005978320785798133
0.12755670554935933
0.005992099749855697
0.11785976968705654
0.021122939437627792
0.1270101593248546
0.19064406871795656
-0.02121829701587558
-0.22928667458705604
0.009962214473634958
-0.1537338028848171
0.01995161992032081
0.022179908119142056
0.05257942922413349
0.10936045757494867
-0.07005358655005693
0.004228798672556877
-0.03229494113475084
0.3046637981757522
0.15378322284668683
0.15738829039037228
-0.0033692274056375026
-0.2385638240352273
0.044733298271894456
0.27388541236519814
0.18860608614981175
-0.13282199728302657
0.14584071649238467
0.06541370771592483
0.04640865349210799
-0.18342118490487336
-0.09788549147546291
0.10871970040723682
0.020704857893288135
0.13081530284136533
-0.08451651850249618
-0.15386115143075585
-0.03244132194668055
-0.05241259817034006
0.10291209206916392
-0.2674011406302452
-0.16743639659136533
-0.07728417075239122
0.19414711644873023
-0.25181973515078426
0.21405321538448333
-0.04284044636413455
-0.06785853769630194
-0.20007489727810024
0.15085442878305913
-0.08364865289069712
0.008872723253443838
0.04466274004429579
-0.04638696010224521
-0.08675967380404473
-0.028061837404966355
-0.027203056719154118
0.11800566636025905
0.14440496200695635
-0.1490495601296425
-0.1472668808978051
0.08738290783017874
-0.031778154764324426
-0.22161113481968642
-0.12499453594908118
0.13941132720559835
-0.35222162429243326
-0.0027642425429075957
0.17659321449697019
-0.20033576564863323
-0.10271545124007389
0.1965400080382824
0.1198856182396412
0.14000684180296957
0.0024586514383554458
0.01697889845818281
-0.21124431755393744
0.1556706224847585
-0.1421155088022351
-0.13317681850865484
0.1477780193835497
-0.058143126396462325
0.0491032212972641
0.09293816706165671
-0.1472640372812748
-0.07905559526756406
0.1436158452555537
-0.08829911582171918
0.272645559348166
0.039490315336734055
-0.07741628535091877
-0.07971028301864863
0.11898442462086678
-0.08512234572321177
0.039739025235176084
-0.10917901199311018
0.1422365487460047
-0.14183739449828864
-0.016387087013572454
-0.06685480806976557
0.2548569990321994
-0.034573390781879425
0.007623642906546593
-0.07917954387143254
0.09809786327183247
0.12883695537224413
-0.026348644774407147
0.050314418468624354
0.16394221633672715
0.44318821232765915
0.3122876215912402
-0.0645798432501033
0.27788001593202355
0.07484633481595665
0.13792484611272812
-0.14262959148734808
-0.1385991968214512
-0.0778981194831431
0.017693635104224087
0.07287426818162203
-0.1617928496748209
0.05811428139917552
0.06491176932118833
-0.12359998971223832
-0.030608888072893022
-0.04915616918355226
0.09686529656872153
0.10928656712174416
0.08582978339865804
-0.07709107019774819
0.20537099476903678
-0.06070665870094672
0.008974074348807336
-0.030997343994677067
-0.15489250448532402
0.1045987138338387
0.026900765020400286
-0.2128808834264055
-0.06792286375071853
-0.15022913179825992
0.07279519766569137
0.0974968730006367
0.21222084797918797
-0.053737659323960546
0.03631162779405713
-0.1118465937487781
-0.18432757668197156
-0.27877470772713425
-0.10538593214936555
-0.18195568500086665
-0.002052046963945031
0.19714957933872937
0.020799229592084884
-0.10763589547947049
0.0048370837979018685
0.10895912438631057
-0.08374658266082406
-0.04366665661334992
0.12408610416576266
0.1139489870518446
-0.171463725566864
-0.16974931276403368
0.010536900777369738
-0.3229078807681799
-0.057369996793568134
0.1418542053923011
-0.04175435215234757
0.15165668149944395
0.028857457712292672
-0.0007972028851509094
0.06450109601020813
0.010660736300051212
0.24116940543986856
0.01946833124384284
-0.11288829676806927
0.11703972527291626
-0.01887387055903673
0.11398289419710636
-0.11255279380828143
-0.035388825088739397
-0.209668044205755
-0.08585879370570183
-0.08589549142867327
0.1810891731083393
0.13380775030702352
-0.10756916401907801
0.08184234004467726
0.030390275723766534
-0.03525248920544982
-0.04867041144520044
0.007014272157102823
-0.0862074587866664
0.045332946297712624
-0.013601356595754623
-0.06449033534154296
0.07098766839131714
0.14416612662258557
-0.19672869831323625
0.036563303936272856
-0.1766351187415421
-0.03998250389005989
-0.08093305022921413
-0.22300355151295662
0.22385956816375255
0.08091620914638042
0.11304994609206914
-0.06934590693563222
-0.05402991869486869
-0.028570419074967504
0.1622772455587983
-0.002462126025930047
-0.15082259774208068
-0.022584534846246243
0.07110045321285724
0.15619747553020716
-0.11583933576941491
0.11228552800836042
0.16770749689778314
-0.19354758858680726
0.0853805348649621
0.01755383037030697
0.16288391274400055
0.06858308481052518
-0.09726016908884048
0.09894331988878548
-0.0461640727519989
-0.002707453295588493
-0.15184011477045714
-0.005240898365154862
-0.015512856468558312
0.11402053907513618
0.1394033832103014
0.21469528661109508
0.24049248855561017
0.012188572213053703
-0.09561725741252303
0.037308309637010095
0.10084480885416269
0.00810636513866484
0.03310010217130184
0.08681292280554771
-0.0029165753722190857
-0.09487399525940418
0.21711831042543053
-0.1290150238573551
-0.07287034720182418
-0.09004962306469678
0.1391034546494484
0.209852112904191
-0.03439570020884276
-0.028357999250292778
-0.19361497417092324
0.16710519473999738
-0.009577025207690895
-0.0825048078224063
-0.25526573706418276
0.009992896132171154
-0.10341955527663231
0.07169105743523688
-0.024196592951193453
-0.031069626063108445
0.011279170960187912
-0.03810247428715229
0.07091003054752947
-0.14320154725573958
0.16448077477514744
0.10196244329214096
0.003615538477897644
-0.17609405606053768
-0.289064666852355
-0.16330585902556777
0.13157986218109727
0.0845941406302154
-0.0977674063667655
-0.2500624017813243
-0.09363448474556207
0.17118527442216874
0.07891003685537726
-0.14051318556070327
0.2834634633548558
0.2378674542158842
0.040506115390453484
-0.027423898335546256
0.027869719117879867
-0.10635379374958574
0.09574752544052899
-0.10248809335753321
0.13833316965028644
-0.15584121741354465
0.1067995385825634
0.0065783108398318295
-0.014999323096126317
0.2654309603199363
0.04268153056502342
-0.0952309861406684
0.14452506914734842
-0.16281019050627946
-0.025631909088697283
0.07610039518913254
-0.09977925295010209
0.12446931250393391
0.08202631302177905
-0.1056051691295579
-0.23036649139598012
0.048255831152200696
0.0941353085078299
0.23558842949569225
-0.15568031498230994
0.06311504688113928
0.0574216129258275
0.09031800881959498
-0.07197970361448824
0.18547191306948663
0.089844413055107
-0.1499253635853529
-0.1797064905334264
-0.11518480136990547
-0.05079261165112257
0.02370623456314206
0.05772697309963405
-0.0397663912572898
-0.10460441051051021
-0.02796324584633112
-0.1494651935994625
-0.07945106571540236
0.09403785239905119
-0.166903757750988
-0.26181958366185426
-0.17963292124390137
0.15426512460107916
0.06615355608984828
-0.19378362217918038
0.04832502741366625
-0.15487617325037717
